              precision    recall  f1-score   support

           A       0.96      0.98      0.97       390
           B       1.00      1.00      1.00       371
           C       0.98      0.97      0.97       361
           D       0.99      0.95      0.97       453
           E       0.97      1.00      0.99       396
           F       0.98      0.99      0.98       491
           G       0.99      1.00      0.99       420
           H       1.00      0.99      0.99       415
           I       0.98      0.97      0.98       439
           J       1.00      0.98      0.99       456
           K       0.93      1.00      0.96       462
           L       1.00      1.00      1.00       454
           M       0.77      0.91      0.83       351
           N       0.96      0.77      0.86       275
           O       0.94      0.98      0.96       414
           P       0.98      0.97      0.98       361
           Q       0.95      0.99      0.97       389
           R       0.97      0.95      0.96       439
           S       0.96      0.94      0.95       448
           T       0.97      0.98      0.97       420
           U       0.97      0.96      0.96       438
           V       1.00      0.92      0.96       433
           W       0.99      0.98      0.99       421
           X       0.96      0.96      0.96       402
           Y       1.00      0.99      0.99       447
           Z       0.98      0.98      0.98       429

    accuracy                           0.97     10775
   macro avg       0.97      0.97      0.97     10775
weighted avg       0.97      0.97      0.97     10775
