              precision    recall  f1-score   support

           A       0.98      0.98      0.98       742
           B       0.92      0.99      0.96       736
           C       0.90      0.95      0.92       658
           D       0.98      0.94      0.96       867
           E       0.98      0.98      0.98       779
           F       0.99      0.99      0.99       961
           G       0.99      0.99      0.99       806
           H       0.98      0.99      0.98       813
           I       0.97      0.92      0.94       830
           J       0.97      0.96      0.97       898
           K       1.00      0.98      0.99       905
           L       0.93      1.00      0.97       880
           M       0.75      0.81      0.78       563
           N       0.86      0.64      0.73       440
           O       0.91      0.96      0.94       791
           P       0.96      0.78      0.86       685
           Q       0.82      0.97      0.89       737
           R       0.65      0.98      0.78       863
           S       0.96      0.94      0.95       860
           T       0.98      0.92      0.95       832
           U       0.88      0.52      0.65       855
           V       0.99      0.94      0.96       862
           W       0.99      0.98      0.98       841
           X       0.89      0.93      0.91       764
           Y       1.00      0.99      0.99       878
           Z       0.98      0.96      0.97       822

    accuracy                           0.93     20668
   macro avg       0.93      0.92      0.92     20668
weighted avg       0.94      0.93      0.93     20668
