              precision    recall  f1-score   support

           A       0.98      0.99      0.99       390
           B       0.99      1.00      1.00       371
           C       0.99      1.00      1.00       361
           D       1.00      0.97      0.98       453
           E       0.99      0.99      0.99       396
           F       1.00      0.99      1.00       491
           G       1.00      1.00      1.00       420
           H       1.00      0.99      1.00       415
           I       0.99      0.98      0.99       439
           J       0.99      1.00      1.00       456
           K       1.00      1.00      1.00       462
           L       1.00      1.00      1.00       454
           M       0.83      0.96      0.89       351
           N       0.97      0.77      0.86       275
           O       0.98      0.99      0.99       414
           P       1.00      0.99      0.99       361
           Q       0.99      1.00      0.99       389
           R       0.97      0.98      0.97       439
           S       0.97      0.98      0.98       448
           T       0.99      0.98      0.98       420
           U       0.97      0.97      0.97       438
           V       1.00      1.00      1.00       433
           W       0.99      0.99      0.99       421
           X       0.98      0.99      0.98       402
           Y       1.00      0.99      0.99       447
           Z       1.00      0.99      0.99       429

    accuracy                           0.98     10775
   macro avg       0.98      0.98      0.98     10775
weighted avg       0.98      0.98      0.98     10775
