              precision    recall  f1-score   support

           A       0.98      0.97      0.98       397
           B       1.00      0.99      1.00       383
           C       0.98      0.99      0.99       368
           D       1.00      0.97      0.98       459
           E       1.00      0.98      0.99       395
           F       1.00      0.99      0.99       491
           G       0.99      0.99      0.99       433
           H       1.00      0.99      1.00       424
           I       0.98      0.97      0.98       436
           J       0.99      0.99      0.99       459
           K       1.00      1.00      1.00       465
           L       1.00      0.99      1.00       455
           M       0.88      0.90      0.89       353
           N       0.89      0.91      0.90       295
           O       0.96      0.98      0.97       419
           P       0.97      0.98      0.97       377
           Q       0.97      0.96      0.96       395
           R       0.98      0.98      0.98       438
           S       0.98      0.97      0.98       455
           T       0.99      0.98      0.99       422
           U       0.99      0.96      0.97       441
           V       0.98      0.99      0.99       437
           W       0.97      0.97      0.97       435
           X       0.93      0.98      0.95       403
           Y       1.00      0.99      0.99       447
           Z       0.99      0.99      0.99       422

    accuracy                           0.98     10904
   macro avg       0.98      0.98      0.98     10904
weighted avg       0.98      0.98      0.98     10904
